

three:
      13      300      300      300     1800 00000000 00000033 00000033
      14     1085      900      700     1800 00000000 00000033 00000033
      15       36        0        0      100 00000000 00000033 00000033
      16        1        0        0        1 00000000 00000033 00000023
      17      100      100      100      400 00000000 00000033 00000033
      18      800      800      600     1700 00000000 00000033 00000033
      
      
two:
      13      300      300      300     1800 00000000 00000033 00000033
      14      748      900      700     1800 00000000 00000033 00000033
      15       34        0        0      100 00000000 00000033 00000033
      16        1        0        0        1 00000000 00000033 00000023
      17      100      100      100      400 00000000 00000033 00000033
      18      800      800      600     1700 00000000 00000033 00000033      
      
      13      300      300      300     1800 00000000 00000033 00000033
      14      842      900      700     1800 00000000 00000033 00000033
      15       35        0        0      100 00000000 00000033 00000033
      16        1        0        0        1 00000000 00000033 00000023
      17      100      100      100      400 00000000 00000033 00000033
      18      669      800      600     1700 00000000 00000033 00000033
      
seven:
listParams
      id    value  default      min      max   freeze     read    write
      13      374      300      300     1800 00000000 00000033 00000033
      14      913      900      700     1800 00000000 00000033 00000033
      15       36        0        0      100 00000000 00000033 00000033
      16        1        0        0        1 00000000 00000033 00000023
      17      100      100      100      400 00000000 00000033 00000033
      18      800      800      600     1700 00000000 00000033 00000033
      
      13      376      300      300     1800 00000000 00000033 00000033
      14      917      900      700     1800 00000000 00000033 00000033
      15       36        0        0      100 00000000 00000033 00000033
      16        1        0        0        1 00000000 00000033 00000023
      17      100      100      100      400 00000000 00000033 00000033
      18      800      800      600     1700 00000000 00000033 00000033
      
2: erase flash, change min limit to 100;
      12        1        1        1        2 00000000 00000033 00000033
      13      215      300      100     1800 00000000 00000033 00000033
      14      914      900      700     1800 00000000 00000033 00000033
      15       33        0        0      100 00000000 00000033 00000033
      16        1        0        0        1 00000000 00000033 00000023
      17      100      100      100      400 00000000 00000033 00000033
      18      800      800      600     1700 00000000 00000033 00000033
      
3: ///alwarys closed too fast near closed position.
      13      245      300      100     1800 00000000 00000033 00000033
      14      915      900      700     1800 00000000 00000033 00000033
      15       34        0        0      100 00000000 00000033 00000033
      16        1        0        0        1 00000000 00000033 00000023
      17      100      100      100      400 00000000 00000033 00000033
      18      800      800      600     1700 00000000 00000033 00000033
     
119mm+31mm;

      13      246      300      100     1800 00000000 00000033 00000033
      14      914      900      700     1800 00000000 00000033 00000033
      15       31        0        0      100 00000000 00000033 00000033
      16        1        0        0        1 00000000 00000033 00000023
      17      100      100      100      400 00000000 00000033 00000033
      18      800      800      600     1700 00000000 00000033 00000033
      